6,3 0 0 0 0 
6,3 0 0 0 0 
6,3 0 0 0 0 
6,3 0 0 0 0 
6,3 0 0 0 0 
6,3 0 0 0 0 
6,3 0 8,4 0 0 
6,3 0 0 0 0 
6,3 0 8,4 0 0 
6,3 0 0 0 0 
6,3 0 0 0 0 
6,3 0 0 0 0 
6,3 0 0 0 0 
6,3 0 0 0 0 
6,3 0 0 0 0 
6,3 0 0 0 0 
6,3 0 0 0 0 
6,3 0 0 0 0 
6,3 0 0 0 0 
6,3 0 0 0 1,0 
6,3 0 0 0 0 
6,3 0 0 0 0 
6,3 0 8,4 0 0 
6,3 0 0 0 0 
6,3 0 0 0 0 
6,3 0 0 0 1,0 
6,3 0 0 0 0 
6,3 0 0 0 0 
6,3 0 0 0 0 
6,3 0 0 0 0 
6,3 0 0 0 0 
6,3 0 0 0 0 
6,3 0 0 0 0 
6,3 0 0 0 0 
6,3 0 0 0 0 
6,3 0 0 0 0 
6,3 0 8,4 0 0 
6,3 0 0 0 0 
6,3 0 8,4 0 0 
6,3 0 0 0 0 
6,3 0 0 0 0 
6,3 0 0 0 0 
6,3 0 0 0 0 
6,3 0 0 0 0 
6,3 0 0 0 0 
6,3 0 0 0 0 
6,3 0 0 0 0 
6,3 0 0 0 1,0 
6,3 0 0 0 0 
6,3 0 0 0 1,0 
6,3 0 8,4 0 0 
6,3 0 0 0 0 
6,3 0 0 0 0 
6,3 0 0 0 0 
6,3 0 8,4 0 0 
6,3 0 0 0 1,0 
6,3 0 0 0 0 
6,3 0 0 0 1,0 
6,3 0 0 0 0 
6,3 0 0 0 0 
6,3 0 0 0 0 
6,3 0 0 0 0 
6,3 0 0 0 0 
6,3 0 0 0 0 
6,3 0 8,4 0 0 
6,3 0 9,4 0 0 
6,3 0 9,4 0 0 
6,3 0 0 0 0 
6,3 0 9,4 0 0 
6,3 0 9,4 0 0 
6,3 0 8,4 0 0 
6,3 0 0 0 0 
6,3 0 0 0 0 
6,3 0 0 0 0 
6,3 0 0 0 0 
6,3 0 0 0 0 
6,3 0 0 0 0 
6,3 0 0 0 1,0 
6,3 0 8,4 0 0 
6,3 0 0 0 1,0 
6,3 0 0 0 0 
6,3 0 0 0 1,0 
6,3 0 0 0 0 
6,3 0 0 0 1,0 
6,3 0 0 0 0 
6,3 0 0 0 1,0 
6,3 0 8,4 0 0 
6,3 0 0 0 1,0 
6,3 0 0 0 0 
6,3 0 0 0 0 
6,3 0 8,4 0 0 
6,3 0 0 0 0 
6,3 0 8,4 0 0 
6,3 0 0 0 0 
6,3 0 0 0 0 
6,3 0 9,4 0 0 
6,3 0 9,4 0 0 
6,3 0 0 0 0 
6,3 0 9,4 0 0 
6,3 0 9,4 0 0 
6,3 0 0 0 0 
6,3 0 0 0 0 
6,3 0 8,4 0 0 
6,3 0 0 0 0 
6,3 0 8,4 0 0 
6,3 0 0 0 0 
6,3 0 8,4 0 0 
6,3 0 0 0 1,0 
6,3 0 0 0 0 
6,3 0 0 0 1,0 
6,3 0 0 0 0 
6,3 0 0 0 1,0 
6,3 0 0 0 0 
6,3 0 0 0 1,0 
6,3 0 0 0 0 
6,3 0 0 0 1,0 
6,3 0 0 0 0 
6,3 0 0 0 1,0 
6,3 0 8,4 0 0 
6,3 0 0 0 0 
6,3 0 8,4 0 0 
6,3 0 0 0 0 
6,3 0 8,4 0 0 
6,3 0 0 0 0 
6,3 0 0 0 0 
6,3 0 9,4 0 0 
6,3 0 9,4 0 0 
6,3 0 0 0 0 
6,3 0 9,4 0 0 
6,3 0 9,4 0 0 
6,3 0 0 0 0 
6,3 0 0 0 0 
6,3 0 8,4 0 0 
6,3 0 0 0 0 
6,3 0 8,4 0 0 
6,3 0 0 0 0 
6,3 0 0 0 0 
6,3 0 0 0 1,0 
6,3 0 8,4 0 0 
6,3 0 0 0 1,0 
6,3 0 0 0 0 
6,3 0 0 0 1,0 
6,3 0 0 0 0 
6,3 0 0 0 1,0 
6,3 0 0 0 0 
6,3 0 0 0 1,0 
6,3 0 8,4 0 0 
6,3 0 0 0 1,0 
6,3 0 0 0 0 
6,3 0 0 0 0 
6,3 0 0 0 0 
6,3 0 0 0 0 
6,3 0 0 0 0 
6,3 0 0 0 3,0 
6,3 0 8,4 0 0 
6,3 0 0 0 0 
6,3 0 0 0 0 
6,3 0 0 0 0 
6,3 0 0 0 0 
6,3 0 0 0 0 
6,3 0 8,4 0 0 
6,3 0 0 0 0 
6,3 0 0 0 0 
6,3 0 0 0 0 
6,3 0 0 0 0 
6,3 0 0 0 0 
6,3 0 0 0 0 
6,3 0 0 0 0 
6,3 0 0 0 0 
6,3 0 0 0 1,0 
6,3 0 8,4 0 0 
6,3 0 0 0 1,0 
6,3 0 0 0 0 
6,3 0 0 0 1,0 
6,3 0 8,4 0 0 
6,3 0 0 0 1,0 
6,3 0 0 0 0 
6,3 0 0 0 0 
6,3 0 0 0 0,0 
6,3 0 0 0 0,0 
6,3 0 0 0 0 
6,3 0 0 0 0 
6,3 0 0 0 0 
6,3 0 0 0 0 
6,3 0 0 0 0 
6,3 0 0 0 0 
6,3 0 8,4 0 0 
6,3 0 0 0 0 
6,3 0 8,4 0 0 
6,3 0 0 0 0 
6,3 0 0 0 0 
6,3 0 0 0 0 
6,3 0 0 0 0 
6,3 0 0 0 0,0 
6,3 0 0 0 0,0 
