//Block
7,8 0 0 0 0 7,8 0 0 0 7,8 0 0 0 0 7,8
0 0 0 9,7 0 7,8 0 0 0 7,8 0 9,7 0 0 0
0 8,7 0 8,7 0 7,8 0 0 0 7,8 0 9,7 0 9,7 0
0 8,7 0 0 0 7,8 0 7,8 0 7,8 0 0 0 8,7 0
9,7 9,7 0 9,7 0 7,8 0 7,8 0 7,8 0 9,7 0 8,7 9,7
7,8 0 0 0 0 0 0 0 0 0 0 0 0 0 7,8
7,8 0 0 0 0 0 0 0 0 0 0 0 0 0 7,8
7,8 0 0 0 0 0 0 0 0 0 0 0 0 0 7,8
9,7 9,7 0 8,7 0 7,8 0 7,8 0 7,8 0 8,7 0 9,7 9,7
0 9,7 0 0 0 7,8 0 7,8 0 7,8 0 0 0 9,7 0
0 8,7 0 8,7 0 7,8 0 0 0 7,8 0 8,7 0 8,7 0
0 0 0 9,7 0 7,8 0 0 0 7,8 0 8,7 0 0 0
7,8 0 0 0 0 7,8 0 0 0 7,8 0 0 0 0 7,8
//Object
0 8,4 8,4 8,4 0 0 0 0 0 0 0 8,4 8,4 8,4 0
8,4 0 0 0 0 0 0 0 0 0 0 0 0 8,4 0
8,4 0 0 0 8,4 0 0 0 0 0 8,4 0 0 0 0
8,4 0 0 0 8,4 0 0 0 0 0 8,4 0 0 0 8,4
0 0 9,4 0 9,4 0 9,4 0 9,4 0 9,4 0 9,4 0 0
0 0 0 0 0 0 0 0 0 0 0 0 0 0 0
0 0 0 0 0 0 0 0 0 0 0 0 0 0 0
0 0 0 0 0 0 0 0 0 0 0 0 0 0 0
0 0 9,4 0 9,4 0 9,4 0 9,4 0 9,4 0 9,4 0 0
8,4 0 0 0 8,4 0 0 0 0 0 8,4 0 0 0 8,4
0 0 0 0 8,4 0 0 0 0 0 8,4 0 0 0 8,4
0 8,4 0 0 0 0 0 0 0 0 0 0 0 0 8,4
0 8,4 8,4 8,4 0 0 0 0 0 0 0 8,4 8,4 8,4 0