6,3 0 0 0 1,0 
6,3 0 0 0 0 
6,3 0 0 0 0 
6,3 0 0 0 0 
6,3 0 0 0 0 
6,3 0 0 0 0 
6,3 0 0 0 0 
6,3 0 0 0 2,0 
6,3 0 0 0 0 
6,3 0 0 0 0 
6,3 0 0 0 0 
6,3 0 0 0 0 
6,3 0 0 0 0 
6,3 0 0 0 0 
6,3 0 0 0 1,0 
6,3 0 0 0 0 
6,3 7,8 0 0 0 
6,3 0 9,4 0 0 
6,3 7,8 0 0 0 
6,3 0 9,4 0 0 
6,3 7,8 0 0 0 
6,3 0 9,4 0 0 
6,3 7,8 0 0 0 
6,3 0 9,4 0 0 
6,3 7,8 0 0 0 
6,3 0 9,4 0 0 
6,3 7,8 0 0 0 
6,3 0 9,4 0 0 
6,3 7,8 0 0 0 
6,3 0 0 0 0 
6,3 0 0 0 0 
6,3 0 9,4 0 0 
6,3 0 0 0 1,0 
6,3 0 0 0 0 
6,3 0 0 0 0 
6,3 0 0 0 0 
6,3 0 0 0 0 
6,3 0 0 0 0 
6,3 0 0 0 0 
6,3 0 0 0 0 
6,3 0 0 0 0 
6,3 0 0 0 0 
6,3 0 0 0 1,0 
6,3 0 9,4 0 0 
6,3 0 0 0 0 
6,3 0 0 0 0 
6,3 7,8 0 0 0 
6,3 0 0 0 0 
6,3 7,8 0 0 0 
6,3 0 9,4 0 0 
6,3 7,8 0 0 0 
6,3 0 9,4 0 0 
6,3 7,8 0 0 0 
6,3 0 9,4 0 0 
6,3 7,8 0 0 0 
6,3 0 9,4 0 0 
6,3 7,8 0 0 0 
6,3 0 0 0 0 
6,3 7,8 0 0 0 
6,3 0 0 0 0 
6,3 0 0 0 0 
6,3 0 9,4 0 0 
6,3 0 0 0 0 
6,3 0 9,4 0 0 
6,3 0 0 0 1,0 
6,3 0 0 0 0 
6,3 0 0 0 0 
6,3 0 0 0 0 
6,3 0 0 0 0 
6,3 0 0 0 0 
6,3 0 0 0 1,0 
6,3 0 9,4 0 0 
6,3 0 0 0 0 
6,3 0 9,4 0 0 
6,3 0 0 0 0 
6,3 0 0 0 0 
6,3 7,8 0 0 0 
6,3 0 0 0 0 
6,3 7,8 0 0 0 
6,3 0 0 0 0 
6,3 7,8 0 0 0 
6,3 0 0 0 0,0 
6,3 0 0 0 0 
6,3 0 0 0 0,0 
6,3 7,8 0 0 0 
6,3 0 0 0 0 
6,3 7,8 0 0 0 
6,3 0 0 0 0 
6,3 7,8 0 0 0 
6,3 0 0 0 0 
6,3 0 0 0 0 
6,3 0 9,4 0 0 
6,3 0 0 0 2,0 
6,3 0 9,4 0 0 
6,3 0 0 0 0 
6,3 0 0 0 0 
6,3 0 0 0 0 
6,3 0 9,4 0 0 
6,3 0 0 0 0 
6,3 0 0 0 0 
6,3 0 0 0 0 
6,3 0 9,4 0 0 
6,3 0 0 0 2,0 
6,3 0 9,4 0 0 
6,3 0 0 0 0 
6,3 0 0 0 0 
6,3 7,8 0 0 0 
6,3 0 0 0 0 
6,3 7,8 0 0 0 
6,3 0 0 0 0 
6,3 7,8 0 0 0 
6,3 0 0 0 0,0 
6,3 0 0 0 0 
6,3 0 0 0 0,0 
6,3 7,8 0 0 0 
6,3 0 0 0 0 
6,3 7,8 0 0 0 
6,3 0 0 0 0 
6,3 7,8 0 0 0 
6,3 0 0 0 0 
6,3 0 0 0 0 
6,3 0 9,4 0 0 
6,3 0 0 0 0 
6,3 0 9,4 0 0 
6,3 0 0 0 1,0 
6,3 0 0 0 0 
6,3 0 0 0 0 
6,3 0 0 0 0 
6,3 0 0 0 0 
6,3 0 0 0 0 
6,3 0 0 0 1,0 
6,3 0 9,4 0 0 
6,3 0 0 0 0 
6,3 0 9,4 0 0 
6,3 0 0 0 0 
6,3 0 0 0 0 
6,3 7,8 0 0 0 
6,3 0 0 0 0 
6,3 7,8 0 0 0 
6,3 0 9,4 0 0 
6,3 7,8 0 0 0 
6,3 0 9,4 0 0 
6,3 7,8 0 0 0 
6,3 0 9,4 0 0 
6,3 7,8 0 0 0 
6,3 0 9,4 0 0 
6,3 7,8 0 0 0 
6,3 0 0 0 0 
6,3 7,8 0 0 0 
6,3 0 0 0 0 
6,3 0 0 0 0 
6,3 0 9,4 0 0 
6,3 0 0 0 1,0 
6,3 0 0 0 0 
6,3 0 0 0 0 
6,3 0 0 0 0 
6,3 0 0 0 0 
6,3 0 0 0 0 
6,3 0 0 0 0 
6,3 0 0 0 0 
6,3 0 0 0 0 
6,3 0 0 0 0 
6,3 0 0 0 1,0 
6,3 0 9,4 0 0 
6,3 0 0 0 0 
6,3 0 0 0 0 
6,3 7,8 0 0 0 
6,3 0 9,4 0 0 
6,3 7,8 0 0 0 
6,3 0 9,4 0 0 
6,3 7,8 0 0 0 
6,3 0 9,4 0 0 
6,3 7,8 0 0 0 
6,3 0 9,4 0 0 
6,3 7,8 0 0 0 
6,3 0 9,4 0 0 
6,3 7,8 0 0 0 
6,3 0 9,4 0 0 
6,3 7,8 0 0 0 
6,3 0 0 0 0 
6,3 0 0 0 1,0 
6,3 0 0 0 0 
6,3 0 0 0 0 
6,3 0 0 0 0 
6,3 0 0 0 0 
6,3 0 0 0 0 
6,3 0 0 0 0 
6,3 0 0 0 2,0 
6,3 0 0 0 0 
6,3 0 0 0 0 
6,3 0 0 0 0 
6,3 0 0 0 0 
6,3 0 0 0 0 
6,3 0 0 0 0 
6,3 0 0 0 1,0 
