7,9 0 0 0 0 
7,9 0 0 0 0 
7,9 2,0 0 0 0 
7,9 0 0 0 0 
7,9 0 0 0 0 
7,9 0 0 0,3 0 
7,9 0 0 0 0 
7,9 0 0 0 0 
7,9 0 0 0 0 
7,9 0 0 0 0 
7,9 0 0 0 0 
7,9 0 0 0 0 
7,9 0 0 0 0 
7,9 0 0 0 0 
7,9 0 0 0 0 
7,9 0 0 0 0 
7,9 0 0 0 0 
7,9 0 0 0 0 
7,9 0 0 0,3 0 
7,9 0 0 0 0 
7,9 0 0 0 0 
7,9 0 0 0 0 
7,9 0 0 0 0 
7,9 0 0 0 0 
7,9 0 5,1 0 0 
7,9 0 0 0 0 
7,9 0 0 0 0 
7,9 0 0 0 0 
7,9 0 0 0 0 
7,9 0 0 0 0 
7,9 0 0 0 0 
7,9 0 0 0 0 
7,9 0 0 0 0 
7,9 0 0 0 0 
7,9 0 0 0 0 
7,9 2,0 0 0 0 
7,9 0 0 0 0 
7,9 0 0 0 0,0 
7,9 0 0 0 0 
7,9 0 0 0 0 
7,9 0 0 0 0 
7,9 0 0 0 0 
7,9 0 0 0 0 
7,9 0 0 0 0 
7,9 0 0 0 0 
7,9 0 0 0 0 
7,9 0 0 0 0,0 
7,9 0 0 0 0 
7,9 0 0 0 0 
7,9 0 0 0 0 
7,9 0 0 0 0 
7,9 0 0 0 0 
7,9 0 5,1 0 0 
7,9 0 0 0 0 
7,9 0 0 0 0 
7,9 0 0 0 0 
7,9 0 0 0 0 
7,9 0 0 0 0 
7,9 0 0 0 0 
7,9 0 0 0 0 
7,9 0 0 0 0 
7,9 0 0 0 0 
7,9 0 0 0 0 
7,9 0 0 0 0 
7,9 0 0 0,3 0 
7,9 0 0 0 1,0 
7,9 0 0 0 0 
7,9 0 0 0 0 
7,9 0 0 0 0 
7,9 0 0 0 0 
7,9 0 0 0 0 
7,9 0 0 0 0 
7,9 0 0 0 0 
7,9 0 0 0 0 
7,9 0 0 0 0 
7,9 0 0 0 0 
7,9 0 0 0 0 
7,9 0 0 0 0 
7,9 0 0 0 0 
7,9 0 0 0 0 
7,9 0 5,1 0 0 
7,9 0 0 0 0 
7,9 0 0 0 0 
7,9 0 0 0 0 
7,9 0 0 0 0 
7,9 0 0 0 0 
7,9 0 0 0 0 
7,9 0 0 0 0 
7,9 0 0 0 0 
7,9 0 0 0 0 
7,9 0 0 0 0 
7,9 0 0 0 0 
7,9 0 0 0 0 
7,9 0 0 0 0 
0 0 0 0 0 
7,9 0 0 0 0 
7,9 0 0 0 0 
7,9 0 0 0 0 
7,9 0 0 0 0 
7,9 0 0 0 0 
7,9 0 0 0 0 
7,9 0 0 0 0 
0 0 0 0 0 
7,9 0 0 0 0 
7,9 0 0 0 0 
7,9 0 0 0 0 
7,9 0 0 0 0 
0 0 0 0 0 
7,9 0 0 0 0 
7,9 0 0 0 0 
7,9 0 0 0 0 
7,9 0 0 0 0 
7,9 0 0 0 0 
7,9 0 0 0 0 
7,9 0 0 0 0 
7,9 0 0 0 0 
7,9 0 0 0 0 
7,9 0 0 0 0 
7,9 0 0 0 0 
7,9 0 0 0 0 
7,9 0 0 0 0 
7,9 0 0 0 0 
7,9 0 0 0 0 
7,9 0 0 0 0 
7,9 0 0 0 0 
7,9 0 0 0 0 
7,9 0 0 0 0 
7,9 0 0 0 0 
0 0 0 0 0 
7,9 0 0 0 0 
7,9 0 0 0 0 
7,9 0 0 0 0 
7,9 0 0 0 0 
7,9 0 0 0 0 
7,9 0 0 0 0 
7,9 0 0 0 0 
7,9 0 0 0 0 
7,9 0 0 0 0 
7,9 0 0 0 0 
7,9 0 0 0 0 
7,9 0 0 0 0 
7,9 0 0 0 0 
7,9 0 0 0 0 
7,9 0 0 0 0 
7,9 0 0 0 0 
7,9 0 0 0 0 
7,9 0 0 0 0 
7,9 0 0 0 0 
7,9 0 0 0 0 
7,9 0 0 0 0 
7,9 0 0 0 0 
7,9 0 0 0 0 
7,9 6,2 0 0 0 
7,9 0 0 0 0 
7,9 0 0 0 0 
7,9 0 0 0 0 
7,9 0 0 0 0 
7,9 0 0 0 0 
7,9 0 0 0 0 
7,9 0 0 0 0 
7,9 0 0 0 0 
7,9 0 0 0 0 
7,9 0 0 0 0 
7,9 0 0 0 0 
7,9 0 0 0 0 
7,9 0 0 0 0 
7,9 0 0 0 0 
7,9 0 0 0 0 
7,9 0 0 0 0 
7,9 0 0 0 0 
7,9 0 0 0 0 
7,9 0 0 0 0 
7,9 0 0 0 0 
7,9 0 0 1,1 0 
7,9 0 0 0 0 
7,9 0 0 0 0 
7,9 0 0 0 0 
7,9 0 0 0 0 
7,9 0 0 0 0 
7,9 0 0 0 0 
7,9 0 0 0 0 
7,9 0 0 0 0 
7,9 0 0 0 0 
7,9 0 0 0 0 
7,9 0 0 0 0 
7,9 0 0 0 0 
7,9 0 0 0 0 
7,9 0 0 0 0 
7,9 0 0 0 0 
7,9 0 0 0 0 
7,9 0 0 0 0 
7,9 0 0 0 0 
7,9 0 0 0 0 
7,9 0 0 0 0 
7,9 0 0 0 0 
